runs: 10000
units: miliseconds
mean: 6.0972
variance: 238.7238245424542
std_dev: 15.450690099230332
conf_interval: (5.794335377436667, 6.400064622563333)
min: 4
max: 1056
median: 5.0
25_percentile: 5.0
75_percentile: 6.0
